0.0
0.0161
0.0321
0.0482
0.0642
0.0803
0.0963
0.1124
0.1284
0.1445
0.1605
0.1766
0.1926
0.2087
0.2247
0.2408
0.2569
0.2729
0.289
0.305
0.3211
0.3371
0.3532
0.3692
0.3853
0.4013
0.4174
0.4334
0.4495
0.4656
0.4816
0.4977
0.5137
0.5298
0.5458
0.5619
0.5779
0.594
0.6017
0.6043
0.607
0.6097
0.6124
0.6151
0.6177
0.6204
0.6231
0.6258
0.6284
0.6311
0.6338
0.6365
0.6391
0.6418
0.6445
0.6472
0.6498
0.6525
0.6552
0.6579
0.6605
0.6632
0.6659
0.6686
0.6712
0.6739
0.6766
0.6793
0.6819
0.6846
0.6873
0.69
0.6926
0.6953
0.698
0.7007
0.7033
0.706
0.7087
0.7114
0.714
0.7167
0.7194
0.7221
0.7247
0.7274
0.7301
0.7328
0.7355
0.7381
0.7408
0.7435
0.7462
0.7488
0.7515
0.7542
0.7569
0.7595
0.7622
0.7649
0.7676
0.7702
0.7729
0.7756
0.7783
0.7809
0.7836
0.7863
0.789
0.7916
0.7943
0.797
0.7997
0.8023
0.805
0.8077
0.8104
0.813
0.8157
0.8184
0.8211
0.8237
0.8264
0.8291
0.8318
0.8344
0.8371
0.8398
0.8425
0.8452
0.8478
0.8505
0.8532
0.8559
0.8585
0.8612
0.8639
0.8666
0.8692
0.8719
0.8746
0.8773
0.8799
0.8826
0.8853
0.888
0.8906
0.8933
0.896
0.8987
0.9013
0.904
0.9067
0.9094
0.912
0.9147
0.9174
0.9201
0.9227
0.9254
0.9281
0.9308
0.9334
0.9361
0.9388
0.9415
0.9441
0.9468
0.9495
0.9522
0.9548
0.9575
0.9602
0.9629
0.9656
0.9682
0.9709
0.9736
0.9763
0.9789
0.9816
0.9843
0.987
0.9896
0.9923
0.995
0.9977
1.0003
1.003
1.0057
1.0084
1.011
1.0137
1.0164
1.0191
1.0217
1.0244
1.0271
1.0298
1.0324
1.0351
1.0378
1.0405
1.0431
1.0458
1.0485
1.0512
1.0538
1.0565
1.0592
1.0619
1.0645
1.0672
1.0699
1.0726
1.0753
1.0779
1.0806
1.0833
1.086
1.0886
1.0913
1.094
1.0967
1.0993
1.101
1.1023
1.1037
1.105
1.1064
1.1077
1.109
1.1104
1.1117
1.113
1.1144
1.1157
1.1171
1.1184
1.1197
1.1211
1.1224
1.1237
1.1251
1.1264
1.1278
1.1291
1.1304
1.1318
1.1331
1.1344
1.1358
1.1371
1.1385
1.1398
1.1411
1.1425
1.1438
1.1452
1.1465
1.1478
1.1492
1.1505
1.1518
1.1532
1.1545
1.1559
1.1572
1.1585
1.1599
1.1612
1.1625
1.1639
1.1652
1.1666
1.1679
1.1692
1.1706
1.1719
1.1732
1.1746
1.1759
1.1773
1.1786
1.1799
1.1813
1.1826
1.1839
1.1853
1.1866
1.188
1.1893
1.1906
1.192
1.1933
1.1946
1.196
1.1973
1.1987
1.2
